13.0000 -0.0000
13.1000 -0.1749
13.2000 -0.3613
13.3000 -0.5234
13.4000 -0.6882
13.5000 -0.8530
13.6000 -1.0076
13.7000 -1.1344
13.8000 -1.2703
13.9000 -1.3916
14.0000 -1.5079
14.1000 -1.6097
14.2000 -1.7013
14.3000 -1.7813
14.4000 -1.8502
14.5000 -1.9016
14.6000 -1.9567
14.7000 -2.0021
14.8000 -2.0380
14.9000 -2.0676
15.0000 -2.0821
15.1000 -2.0944
15.2000 -2.0962
15.3000 -2.0925
15.4000 -2.0801
15.5000 -2.0679
15.6000 -2.0465
15.7000 -2.0151
15.8000 -1.9777
15.9000 -1.9271
16.0000 -1.8789
16.1000 -1.8247
16.2000 -1.7620
16.3000 -1.6889
16.4000 -1.6065
16.5000 -1.5156
16.6000 -1.4149
16.7000 -1.3078
16.8000 -1.1969
16.9000 -1.0771
17.0000 -0.9578
17.1000 -0.8288
17.2000 -0.6883
17.3000 -0.5500
17.4000 -0.3979
17.5000 -0.2469
17.6000 -0.0883
17.7000  0.0728
17.8000  0.2362
17.9000  0.4066
18.0000  0.5787
18.1000  0.7590
18.2000  0.9351
18.3000  1.1178
18.4000  1.3017
18.5000  1.4885
18.6000  1.6818
18.7000  1.8711
18.8000  2.0651
18.9000  2.2705
19.0000  2.4774
19.1000  2.6816
19.2000  2.8936
19.3000  3.1042
19.4000  3.3241
19.5000  3.5524
19.6000  3.7824
19.7000  4.0113
19.8000  4.2494
19.9000  4.4913
20.0000  4.7314
20.1000  4.9755
20.2000  5.2108
20.3000  5.4611
20.4000  5.7091
20.5000  5.9603
20.6000  6.2184
20.7000  6.4703
20.8000  6.7225
20.9000  6.9768
21.0000  7.2280
21.1000  7.4843
21.2000  7.7307
21.3000  7.9755
21.4000  8.2157
21.5000  8.4459
21.6000  8.6875
21.7000  8.9182
21.8000  9.1492
21.9000  9.3809
22.0000  9.5987
22.1000  9.8250
22.2000 10.0451
22.3000 10.2625
22.4000 10.4844
22.5000 10.7090
22.6000 10.9245
22.7000 11.1533
22.8000 11.3719
22.9000 11.5966
23.0000 11.8161
23.1000 12.0278
23.2000 12.2368
23.3000 12.4609
23.4000 12.6783
23.5000 12.9012
23.6000 13.1105
23.7000 13.3329
23.8000 13.5282
23.9000 13.7380
24.0000 13.9385
24.1000 14.1171
24.2000 14.3082
24.3000 14.4793
24.4000 14.6562
24.5000 14.8363
24.6000 15.0239
24.7000 15.1949
24.8000 15.3705
24.9000 15.5362
25.0000 15.6891
25.1000 15.8338
25.2000 15.9998
25.3000 16.1289
25.4000 16.2617
25.5000 16.4029
25.6000 16.5053
25.7000 16.6401
25.8000 16.7730
25.9000 16.8631
26.0000 16.9655
26.1000 17.0656
26.2000 17.1633
26.3000 17.2207
26.4000 17.2826
26.5000 17.3259
26.6000 17.3513
26.7000 17.3837
26.8000 17.4026
26.9000 17.4282
27.0000 17.4477
27.1000 17.4795
27.2000 17.5073
27.3000 17.5299
27.4000 17.5643
27.5000 17.5975
27.6000 17.6352
27.7000 17.6778
27.8000 17.7203
27.9000 17.7645
28.0000 17.8087
28.1000 17.8601
28.2000 17.9156
28.3000 17.9805
28.4000 18.0477
28.5000 18.1189
28.6000 18.1998
28.7000 18.2626
28.8000 18.3535
28.9000 18.4297
29.0000 18.5183
29.1000 18.5930
29.2000 18.6752
29.3000 18.7600
29.4000 18.8461
29.5000 18.9183
29.6000 18.9868
29.7000 19.0625
29.8000 19.1439
29.9000 19.2267
30.0000 19.2968
30.1000 19.3779
30.2000 19.4498
30.3000 19.5164
30.4000 19.5744
30.5000 19.6330
30.6000 19.6972
30.7000 19.7508
30.8000 19.8129
30.9000 19.8814
31.0000 19.9419
31.1000 20.0007
31.2000 20.0678
31.3000 20.1199
31.4000 20.1852
31.5000 20.2483
31.6000 20.3115
31.7000 20.3747
31.8000 20.4490
31.9000 20.5180
32.0000 20.5912
32.1000 20.6667
32.2000 20.7469
32.3000 20.8234
32.4000 20.9040
32.5000 20.9903
32.6000 21.0791
32.7000 21.1654
32.8000 21.2586
32.9000 21.3618
33.0000 21.4538
